17,2
17,1
17,3
15,2
15,1
15,3
16,2
16,1
16,3
13,2
14,2
4,41
4,40
4,17
4,26
4,16
4,4
4,79
4,83
4,18
4,10
4,13
4,33
4,1
4,80
4,2
4,3
6,5
6,1
6,7
6,2
6,3
7,12
7,10
7,4
7,9
7,6
7,5
7,1
7,11
7,2
7,3
5,4
5,2
5,1
5,3
62,57
62,56
62,55
62,54
62,53
62,52
62,51
62,50
62,49
62,48
62,47
62,46
62,45
62,44
62,43
62,42
62,41
62,40
62,39
62,38
62,37
62,36
62,35
3,2
3,1
3,3
10,145
10,169
10,187
10,217
10,163
10,299
9,2
9,3
8,12
8,14
8,16
8,18
8,9
8,15
8,2
8,3
44,3
44,2
44,1
44,0
37,3
37,2
37,1
37,0
20,3
20,2
20,1
19,3
19,2
19,1
18,3
18,1
12,3
12,2
12,1
14,1
